2. 1994
3. 1972
4. 2008
5. 1974
6. 2003
7. 1994
8. 1993
9. 1957
10. 2010
11. 1999
12. 2001
13. 1994
15. 2020
16. 2002
17. 1999
18. 1990
19. 1980
20. 1975
21. 2019
22. 2014
23. 2002
24. 2001
25. 1998
26. 1999
27. 1997
28. 1995
29. 1991
30. 1977
31. 1962
32. 1954
33. 1946
34. 2019
35. 2014
36. 2011
37. 2006
38. 2006
39. 2002
40. 2000
41. 1998
42. 1995
43. 1994
44. 1994
45. 1991
46. 1988
47. 1988
48. 1985
49. 1971
50. 1968
51. 1960
52. 1942
53. 1936
54. 1931
55. 2018
56. 2017
57. 2016
58. 2016
59. 2018
60. 2019
61. 2018
62. 2017
63. 2012
64. 2012
65. 2009
66. 2007
67. 2008
68. 2006
69. 2003
70. 2000
71. 1997
72. 1984
73. 1981
74. 1980
75. 1979
76. 1979
77. 1963
78. 1964
79. 1957
80. 1957
81. 1954
82. 1950
83. 1940
84. 2019
85. 2019
86. 2018
87. 2018
88. 2013
89. 2012
90. 2011
91. 2010
92. 2019
93. 2005
94. 2010
95. 2009
96. 2004
97. 2001
98. 2000
99. 2000
100. 1999
101. 1997
102. 1997
103. 1995
104. 1995
105. 1992
106. 1987
107. 1985
108. 1986
109. 1984
110. 1983
111. 1983
112. 1981
113. 1976
114. 1973
115. 1971
116. 1968
117. 1965
118. 1962
119. 1960
120. 1959
121. 1958
122. 1952
123. 1952
124. 1948
125. 1944
126. 1941
127. 1931
128. 1927
129. 1921
130. 2019
131. 2018
132. 2018
134. 2015
135. 2017
136. 2019
137. 2015
138. 2013
139. 2013
140. 2013
141. 2012
142. 2010
143. 2012
144. 2009
145. 2011
146. 2010
147. 2009
148. 2013
149. 2007
150. 2007
151. 2006
152. 2005
153. 2006
154. 2005
155. 2005
156. 2004
157. 2004
158. 2004
159. 2001
160. 2000
162. 1997
163. 1996
164. 1995
165. 1995
166. 1994
167. 1992
168. 1989
169. 1988
170. 1988
171. 1985
172. 1980
173. 1979
174. 1976
175. 1975
176. 1975
177. 1963
178. 1962
179. 1961
180. 1961
181. 1959
182. 1957
183. 1957
184. 1955
185. 1954
186. 1953
187. 1950
188. 1950
189. 1948
190. 1942
191. 1925
192. 1924
193. 2019
194. 2016
195. 2016
196. 2016
197. 2016
198. 2014
199. 2014
200. 2014
201. 2014
202. 2015
203. 2019
204. 2014
205. 2012
206. 2014
207. 2014
208. 2012
209. 2016
210. 2015
211. 2012
212. 2013
213. 2013
214. 2019
215. 2015
216. 2014
217. 2012
218. 2011
219. 2013
220. 2015
221. 2008
222. 2008
223. 2011
224. 2008
225. 2009
226. 2009
227. 2010
228. 2007
229. 2007
230. 2007
231. 2006
232. 2004
233. 2004
234. 2004
235. 2004
236. 2003
237. 2003
238. 2001
239. 2003
240. 2003
241. 2002
242. 2000
243. 1997
244. 2001
245. 1999
246. 1998
247. 1998
249. 1998
250. 2000
251. 1996
252. 1996
253. 1995
254. 1995
255. 1995
256. 1995
257. 1994
258. 1994
259. 1993
260. 1993
261. 1991
262. 1989
263. 1987
264. 1986
265. 1986
267. 1984
268. 1982
269. 1982
270. 1982
271. 1982
272. 1982
273. 1980
274. 1979
275. 1978
276. 1976
277. 1976
278. 1975
279. 1975
280. 1974
281. 1973
282. 1972
283. 1972
284. 1967
285. 1967
286. 1966
287. 1966
288. 1966
289. 1962
290. 1962
291. 1962
292. 1962
293. 1962
294. 1960
295. 1960
296. 1959
297. 1959
298. 1958
299. 1957
300. 1957
301. 1957
302. 1957
303. 1954
304. 1953
305. 1951
306. 1949
307. 1949
308. 1948
309. 1940
310. 1940
311. 1939
312. 1939
313. 1937
314. 1934
315. 1928
316. 1928
317. 1927
318. 1926
319. 1920
320. 2018
321. 2018
322. 2019
323. 2019
324. 2016
325. 2015
326. 2015
327. 2016
328. 2016
329. 2015
330. 2016
331. 2013
332. 2017
333. 2013
334. 2013
335. 2014
336. 2014
337. 2014
338. 2017
339. 2013
340. 2018
341. 2015
342. 2012
343. 2010
344. 2010
345. 2011
346. 2016
347. 2009
348. 2009
349. 2008
350. 2010
351. 2009
352. 2008
353. 2010
354. 2012
355. 2007
356. 2013
357. 2006
358. 2006
359. 2007
360. 2004
361. 2005
362. 2007
363. 2004
364. 2007
365. 2006
366. 2004
367. 2003
369. 2004
370. 2005
371. 2003
372. 2002
373. 2003
374. 2003
375. 2004
376. 2001
377. 2003
378. 2001
379. 2001
381. 1999
382. 2000
383. 2001
384. 1999
385. 1997
386. 1998
387. 1998
388. 1999
389. 1997
390. 1996
391. 1996
392. 1995
393. 1995
394. 1993
395. 1993
397. 1992
398. 1992
399. 1991
400. 1957
401. 1957
402. 1957
403. 1954
404. 1953
405. 1951
406. 1949
407. 1949
408. 1948
409. 1940
410. 1940
411. 1939
412. 1939
413. 1937
414. 1934
415. 1928
416. 1928
417. 1927
418. 1926
419. 1920
420. 2018
421. 2018
422. 2019
423. 2019
424. 2016
425. 2015
426. 2015
427. 2016
428. 2016
429. 2015
430. 2016
431. 2013
432. 2017
433. 2013
434. 2013
435. 2014
436. 2014
437. 2014
438. 2017
439. 2013
440. 2018
441. 2015
442. 2012
443. 2010
444. 2010
445. 2011
446. 2016
447. 2009
448. 2009
449. 2008
450. 2010
451. 2009
452. 2008
453. 2010
454. 2012
455. 2007
456. 2013
457. 2006
458. 2006
459. 2007
460. 2004
461. 2005
462. 2007
463. 2004
464. 2007
465. 2006
466. 2004
467. 2003
469. 2004
470. 2005
471. 2003
472. 2002
473. 2003
474. 2003
475. 2004
476. 2001
477. 2003
478. 2001
479. 2001
481. 1999
482. 2000
483. 2001
484. 1999
485. 1997
486. 1998
487. 1998
488. 1999
489. 1997
490. 1996
491. 1996
492. 1995
493. 1995
494. 1993
495. 1993
497. 1992
498. 1992
499. 1991
500. 1957
501. 1957
502. 1957
503. 1954
504. 1953
505. 1951
506. 1949
507. 1949
508. 1948
509. 1940
510. 1940
511. 1939
512. 1939
513. 1937
514. 1934
515. 1928
516. 1928
517. 1927
518. 1926
519. 1920
520. 2018
521. 2018
522. 2019
523. 2019
524. 2016
525. 2015
526. 2015
527. 2016
528. 2016
529. 2015
530. 2016
531. 2013
532. 2017
533. 2013
534. 2013
535. 2014
536. 2014
537. 2014
538. 2017
539. 2013
540. 2018
541. 2015
542. 2012
543. 2010
544. 2010
545. 2011
546. 2016
547. 2009
548. 2009
549. 2008
550. 2010
551. 2009
552. 2008
553. 2010
554. 2012
555. 2007
556. 2013
557. 2006
558. 2006
559. 2007
560. 2004
561. 2005
562. 2007
563. 2004
564. 2007
565. 2006
566. 2004
567. 2003
569. 2004
570. 2005
571. 2003
572. 2002
573. 2003
574. 2003
575. 2004
576. 2001
577. 2003
578. 2001
579. 2001
581. 1999
582. 2000
583. 2001
584. 1999
585. 1997
586. 1998
587. 1998
588. 1999
589. 1997
590. 1996
591. 1996
592. 1995
593. 1995
594. 1993
595. 1993
597. 1992
598. 1992
599. 1991
600. 1957
601. 1957
602. 1957
603. 1954
604. 1953
605. 1951
606. 1949
607. 1949
608. 1948
609. 1940
610. 1940
611. 1939
612. 1939
613. 1937
614. 1934
615. 1928
616. 1928
617. 1927
618. 1926
619. 1920
620. 2018
621. 2018
622. 2019
623. 2019
624. 2016
625. 2015
626. 2015
627. 2016
628. 2016
629. 2015
630. 2016
631. 2013
632. 2017
633. 2013
634. 2013
635. 2014
636. 2014
637. 2014
638. 2017
639. 2013
640. 2018
641. 2015
642. 2012
643. 2010
644. 2010
645. 2011
646. 2016
647. 2009
648. 2009
649. 2008
650. 2010
651. 2009
652. 2008
653. 2010
654. 2012
655. 2007
656. 2013
657. 2006
658. 2006
659. 2007
660. 2004
661. 2005
662. 2007
663. 2004
664. 2007
665. 2006
666. 2004
667. 2003
669. 2004
670. 2005
671. 2003
672. 2002
673. 2003
674. 2003
675. 2004
676. 2001
677. 2003
678. 2001
679. 2001
681. 1999
682. 2000
683. 2001
684. 1999
685. 1997
686. 1998
687. 1998
688. 1999
689. 1997
690. 1996
691. 1996
692. 1995
693. 1995
694. 1993
695. 1993
697. 1992
698. 1992
699. 1991
700. 1957
701. 1957
702. 1957
703. 1954
704. 1953
705. 1951
706. 1949
707. 1949
708. 1948
709. 1940
710. 1940
711. 1939
712. 1939
713. 1937
714. 1934
715. 1928
716. 1928
717. 1927
718. 1926
719. 1920
720. 2018
721. 2018
722. 2019
723. 2019
724. 2016
725. 2015
726. 2015
727. 2016
728. 2016
729. 2015
730. 2016
731. 2013
732. 2017
733. 2013
734. 2013
735. 2014
736. 2014
737. 2014
738. 2017
739. 2013
740. 2018
741. 2015
742. 2012
743. 2010
744. 2010
745. 2011
746. 2016
747. 2009
748. 2009
749. 2008
750. 2010
751. 2009
752. 2008
753. 2010
754. 2012
755. 2007
756. 2013
757. 2006
758. 2006
759. 2007
760. 2004
761. 2005
762. 2007
763. 2004
764. 2007
765. 2006
766. 2004
767. 2003
769. 2004
770. 2005
771. 2003
772. 2002
773. 2003
774. 2003
775. 2004
776. 2001
777. 2003
778. 2001
779. 2001
781. 1999
782. 2000
783. 2001
784. 1999
785. 1997
786. 1998
787. 1998
788. 1999
789. 1997
790. 1996
791. 1996
792. 1995
793. 1995
794. 1993
795. 1993
797. 1992
798. 1992
799. 1991
800. 1957
801. 1957
802. 1957
803. 1954
804. 1953
805. 1951
806. 1949
807. 1949
808. 1948
809. 1940
810. 1940
811. 1939
812. 1939
813. 1937
814. 1934
815. 1928
816. 1928
817. 1927
818. 1926
819. 1920
820. 2018
821. 2018
822. 2019
823. 2019
824. 2016
825. 2015
826. 2015
827. 2016
828. 2016
829. 2015
830. 2016
831. 2013
832. 2017
833. 2013
834. 2013
835. 2014
836. 2014
837. 2014
838. 2017
839. 2013
840. 2018
841. 2015
842. 2012
843. 2010
844. 2010
845. 2011
846. 2016
847. 2009
848. 2009
849. 2008
850. 2010
851. 2009
852. 2008
853. 2010
854. 2012
855. 2007
856. 2013
857. 2006
858. 2006
859. 2007
860. 2004
861. 2005
862. 2007
863. 2004
864. 2007
865. 2006
866. 2004
867. 2003
869. 2004
870. 2005
871. 2003
872. 2002
873. 2003
874. 2003
875. 2004
876. 2001
877. 2003
878. 2001
879. 2001
881. 1999
882. 2000
883. 2001
884. 1999
885. 1997
886. 1998
887. 1998
888. 1999
889. 1997
890. 1996
891. 1996
892. 1995
893. 1995
894. 1993
895. 1993
897. 1992
898. 1992
899. 1991
900. 1957
901. 1957
902. 1957
903. 1954
904. 1953
905. 1951
906. 1949
907. 1949
908. 1948
909. 1940
910. 1940
911. 1939
912. 1939
913. 1937
914. 1934
915. 1928
916. 1928
917. 1927
918. 1926
919. 1920
920. 2018
921. 2018
922. 2019
923. 2019
924. 2016
925. 2015
926. 2015
927. 2016
928. 2016
929. 2015
930. 2016
931. 2013
932. 2017
933. 2013
934. 2013
935. 2014
936. 2014
937. 2014
938. 2017
939. 2013
940. 2018
941. 2015
942. 2012
943. 2010
944. 2010
945. 2011
946. 2016
947. 2009
948. 2009
949. 2008
950. 2010
951. 2009
952. 2008
953. 2010
954. 2012
955. 2007
956. 2013
957. 2006
958. 2006
959. 2007
960. 2004
961. 2005
962. 2007
963. 2004
964. 2007
965. 2006
966. 2004
967. 2003
969. 2004
970. 2005
971. 2003
972. 2002
973. 2003
974. 2003
975. 2004
976. 2001
977. 2003
978. 2001
979. 2001
981. 1999
982. 2000
983. 2001
984. 1999
985. 1997
986. 1998
987. 1998
988. 1999
989. 1997
990. 1996
991. 1996
992. 1995
993. 1995
994. 1993
995. 1993
997. 1992
998. 1992
999. 1991
1000. 1957
1001. 1957
Lowest Year: 1920
Highest Year: 2020
